0.0
0.0
0.024210000000000002
0.048420000000000005
0.05111
0.03228
0.01614
0.01345
0.00269
0.02152
0.01345
0.00269
0.01883
-0.02152
-0.01614
-0.01614
-0.03228
-0.056490000000000005
-0.06456
-0.05918
-0.03497
-0.02959
-0.0269
-0.02152
-0.00538
-0.01345
0.05111
-0.00538
0.00807
0.00538
0.01345
0.00269
0.00269
0.01345
0.04304
0.06456
0.08339
0.05918
0.03228
0.03497
0.0269
0.01883
0.02152
0.01614
0.00269
0.0269
-0.07263
-0.00269
0.00269
0.0
0.0
0.0
-0.00269
-0.00538
-0.01076
-0.03228
-0.0538
-0.06187
-0.056490000000000005
-0.04304
-0.02959
-0.02959
-0.02152
-0.00538
0.11029
0.04304
0.06994
0.01345
0.00269
0.01076
0.01076
0.00807
0.01883
0.0269
0.048420000000000005
0.07801000000000001
0.06456
0.048420000000000005
0.04304
0.03497
0.024210000000000002
0.03228
0.01076
0.01345
0.00269
0.01345
-0.00538
-0.00269
-0.00269
0.00269
-0.00269
-0.00538
-0.01345
-0.02152
-0.03497
-0.056490000000000005
-0.05918
-0.040350000000000004
-0.01883
-0.03766
-0.03228
-0.02152
-0.00269
0.1076
0.00538
0.06456
0.024210000000000002
0.01076
0.00538
0.00538
0.00807
0.01076
0.03228
0.07532
0.09146
0.06994
0.048420000000000005
0.03766
0.04304
