0.0
0.0
0.04175347826086957
0.08350695652173915
0.08814623188405799
0.0556713043478261
0.02783565217391305
0.023196376811594206
0.004639275362318842
0.03711420289855073
0.023196376811594206
0.004639275362318842
0.032474927536231886
-0.03711420289855073
-0.02783565217391305
-0.02783565217391305
-0.0556713043478261
-0.09742478260869568
-0.1113426086956522
-0.1020640579710145
-0.06031057971014494
-0.05103202898550725
-0.04639275362318841
-0.03711420289855073
-0.009278550724637683
-0.023196376811594206
0.08814623188405799
-0.009278550724637683
0.013917826086956525
0.009278550724637683
0.023196376811594206
0.004639275362318842
0.004639275362318842
0.023196376811594206
0.07422840579710147
0.1113426086956522
0.1438175362318841
0.1020640579710145
0.0556713043478261
0.06031057971014494
0.04639275362318841
0.032474927536231886
0.03711420289855073
0.02783565217391305
0.004639275362318842
0.04639275362318841
-0.1252604347826087
-0.004639275362318842
0.004639275362318842
0.0
0.0
0.0
-0.004639275362318842
-0.009278550724637683
-0.018557101449275366
-0.0556713043478261
-0.09278550724637682
-0.10670333333333334
-0.09742478260869568
-0.07422840579710147
-0.05103202898550725
-0.05103202898550725
-0.03711420289855073
-0.009278550724637683
0.1902102898550725
0.07422840579710147
0.12062115942028988
0.023196376811594206
0.004639275362318842
0.018557101449275366
0.018557101449275366
0.013917826086956525
0.032474927536231886
0.04639275362318841
0.08350695652173915
0.1345389855072464
0.1113426086956522
0.08350695652173915
0.07422840579710147
0.06031057971014494
0.04175347826086957
0.0556713043478261
0.018557101449275366
0.023196376811594206
0.004639275362318842
0.023196376811594206
-0.009278550724637683
-0.004639275362318842
-0.004639275362318842
0.004639275362318842
-0.004639275362318842
-0.009278550724637683
-0.023196376811594206
-0.03711420289855073
-0.06031057971014494
-0.09742478260869568
-0.1020640579710145
-0.06958913043478263
-0.032474927536231886
-0.06494985507246377
-0.0556713043478261
-0.03711420289855073
-0.004639275362318842
0.18557101449275365
0.009278550724637683
0.1113426086956522
0.04175347826086957
0.018557101449275366
0.009278550724637683
0.009278550724637683
0.013917826086956525
0.018557101449275366
0.0556713043478261
0.12989971014492754
0.15773536231884058
0.12062115942028988
0.08350695652173915
0.06494985507246377
0.07422840579710147
