0.0
0.01540974182919823
0.029690464809038437
0.038268202274988
0.02661514889473306
0.00848611720813166
-0.005020318144255407
-0.010003325053269476
-0.010033509983134544
-0.007190930455863553
-0.00211315294427711
0.005269751375936765
0.0147485158729554
0.014231451738658172
0.01716737943824427
0.026830626495626064
0.04114302923147984
0.04991097058899639
0.042527501063232206
0.0022582636543965096
-0.026748734764810687
-0.027413529205565133
-0.017783230764130173
-0.00604794127621498
0.005435636874176646
0.019835633941431
0.0211324115006206
0.009140079944580147
-0.002553301666760451
-0.002946432094626494
0.0002714464905729231
0.004868748418100905
0.012468044474622261
0.02514986226673768
0.04528892019089408
0.057314493737095545
0.04213215677658249
8.054847567677365e-05
-0.02312357617884251
-0.02596132940629062
-0.024289950582302704
-0.016205178778927642
-0.010510455801426169
-0.003618955793372048
0.0017228033404310806
0.006073490058091374
0.002106887210441908
-0.0008990386397014428
-0.0007997536419081436
-0.00027533652124330036
0.0005290858468417266
0.002350332089545033
0.006060686187629437
0.013139706972608214
0.02622594547148552
0.045439455031158864
0.05434267265619462
0.04501486285223328
0.0020478548525930877
-0.026308052923981872
-0.02423050839351
-0.01545565873226906
-0.004685210144492975
0.0066361311228323545
0.025530295147695368
0.02696538568639507
0.009816358934739821
-0.00431584079215432
-0.0034767117389649074
0.000290006520091963
0.005318928867493368
0.013293398778628233
0.025273764446068915
0.0452958743770071
0.05634186470932472
0.039531652085602
0.0010582861621865152
-0.020723257017932543
-0.025091543857090542
-0.022527404851007064
-0.018500019637114014
-0.012837474302308003
-0.006988690004066677
-0.001407924062706217
0.0036632208333566016
0.00815207385355681
0.003156015075171103
-0.0006152853004262465
-0.0006189007467955074
0.0010228638675377788
0.003765771145123066
0.008247362049666238
0.018084083066406353
0.03473752139218058
0.04616627635917801
0.04940184857519865
0.029621439766981297
-0.012019189130843027
-0.027460014126771622
-0.024357154649222997
-0.013757426954465744
-0.002880229856649665
0.010009628880848201
0.03209756874375896
0.030161445079051958
0.009021658418149
-0.005758449565306793
-0.003964965703386191
0.000225267797141713
0.0056764874542391324
0.014083282605000046
0.028703599401941428
0.05158891911944124
0.06797442913045797
0.04333539200557553
-0.006168492209724496
-0.028285983795711157
-0.027534173590313373
-0.025210755805533617
