0.0
0.12234861520726371
0.24628048372211248
0.3450469517158741
0.4577851904370963
0.5638488343801635
0.642476794523688
0.707844752997679
0.7531781078637373
0.7781381407987593
0.7850389715148701
0.7720214264603137
0.7380186049363955
0.6835729570608178
0.6125954749210225
0.524954750751878
0.4276530941246864
0.31887546915629467
0.19625153257667197
0.07167387879089668
-0.05589559902721423
-0.18134309711960436
-0.301102232794242
-0.4120057864873958
-0.5065843769065285
-0.6010592080985004
-0.6758271772425064
-0.7310910438284723
-0.7657836975209867
-0.7834122511193262
-0.7818049087489403
-0.7581729127490666
-0.713638594517563
-0.6520812596091802
-0.5731450617036467
-0.4934346677413865
-0.3744808724627219
-0.26500754805177273
-0.13850241136727542
-0.011665443443010935
0.1153926779426633
0.21973508084353838
0.3536071533267143
0.4569700162518707
0.5583836962948173
0.6395146007818556
0.7042595476512522
0.7482561770341509
0.7759496667956558
0.7853405838973828
0.7728506009880829
0.739126367517638
0.687211502940348
0.6177543292534037
0.5342859292908564
0.4313070956669795
0.3249395378904009
0.20194166182597342
0.07850181128068935
-0.04771973673382617
-0.15631992149175267
-0.2826454767958502
-0.4021848420134234
-0.5080445423403598
-0.5984644514584773
-0.6680842638281299
-0.7285066924575984
-0.7632548183056542
-0.7833750439595312
-0.7818464692121629
-0.7592195427873658
-0.7175095022896436
-0.6650316833797599
-0.580732171036324
-0.4933102644881516
-0.382083617628553
-0.2669558347164341
-0.14334934695374452
-0.0198496085614947
0.0920254947316021
0.22019933701641428
0.3444137710738701
0.4556075941462347
0.551230423333949
0.6341322509422037
0.6932247402152556
0.7451618051026477
0.7760932038944979
0.7853254575388892
0.7734011392103015
0.7420990400794285
0.6993318904137371
0.6229476190686406
0.5374909337650656
0.44087787340230555
0.3280471648773833
0.2094207770128077
0.0917667268850559
-0.03694999829430044
-0.16419438105110934
-0.28413664190847154
-0.39944673878596687
-0.502501499395661
-0.5919091526572114
-0.6664225426666881
-0.721210611377457
-0.7634656189153047
-0.7833497626596283
-0.7823338722546547
-0.7610161312764601
-0.7217472501635309
-0.6607688415944905
-0.5888054768989134
-0.49370490554814506
-0.38894713602611236
-0.2751869949241314
-0.15917792152983845
-0.04020500564979123
0.09222544476837612
