0.0
1.9658817277341685
1.9163141470010017
1.82660701658489
1.6925376258647065
1.4929919897392665
1.2573231441653525
0.9975728855890094
0.7089540045361297
0.4144670209395574
0.10427996125650998
-0.21164675079758757
-0.5201594236487417
-0.8255094137668322
-1.1060506473196294
-1.3547382082660069
-1.565115356965558
-1.733369850504207
-1.8618596222289792
-1.9427011475185645
-1.9716465923481628
-1.9490017570479319
-1.87586754291278
-1.755497486239073
-1.5974224402373542
-1.392879401889688
-1.1406946136149552
-0.865309657501111
-0.580912136309078
-0.2899004028735787
0.024215716077888937
0.3527426822878375
0.6713142831743555
0.9643346008143439
1.2275854235565522
1.4449712486813895
1.6399503036970422
1.8001335944182077
1.9049970136355736
1.962661012367731
1.9674226380154263
1.9267718525108952
1.8339644978242122
1.6873090145963232
1.5003799272539173
1.2697336998722624
1.0120034835862362
0.7381860939061181
0.4534415587894201
0.14100899579156972
-0.18810215224849341
-0.510648276406603
-0.81334290960676
-1.0896439403062965
-1.335622619172196
-1.5518208804080411
-1.726802132805911
-1.8565997383270312
-1.9399325886012178
-1.9714108020884522
-1.955526870584797
-1.892489330558307
-1.7728183009917522
-1.6040806789546904
-1.3948953922760512
-1.1602528559704761
-0.8898606593344496
-0.6025547244235295
-0.3042020177178595
0.0230141186613501
0.3472251427115371
0.6554884413144662
0.9280225456228944
1.1926757168607751
1.4352636110354862
1.6342680153925095
1.7943856438921213
1.9028092328000463
1.9611226600223708
1.9701523869524964
1.9320165548945025
1.8387972829443593
1.69476944173699
1.5101520718211345
1.288155563625626
1.047980727349423
0.7775940964096375
0.464407524951207
0.13836895843037128
-0.18567920162858453
-0.4960634400544009
-0.7736319832436364
-1.0531984577268378
-1.3236170144444244
-1.5396258284769866
-1.7174408043734428
-1.8519747067252053
-1.9351949952752903
-1.9704957775229806
-1.9553797639119883
-1.8892710338871863
-1.7738377515536459
-1.6117668498051814
-1.4102153511285627
-1.1734761726271157
-0.9147810844648443
-0.6239019525129998
-0.3035330068284311
0.015897630824913467
0.3318297865634359
0.6345050188713449
0.9248260949274407
1.188946498183894
1.424087621305314
1.6285700664132512
1.7856492293272554
1.8946134048814187
1.9559549515017634
1.970485967505881
