0.0
-1.9658817277341685
-1.9163141470010017
-1.6827220730504775
-0.9970937321150459
-0.3179316175415643
0.2294879390235769
0.6091423172119306
0.9217420221872122
1.288171477550991
1.6463201850788425
1.914285249288136
1.8870663872256606
1.2331834204476677
1.0820698233972272
1.1628916168867902
1.2533646459743308
1.1578300763665568
0.8306841935656895
0.04821605764879955
-0.8101289826504794
-1.3603519442435563
-1.8411601650595433
-2.1533768131124673
-2.3833943308813925
-2.3721099539274397
-1.5931193135388826
-0.6454822496102204
0.2211997774730467
0.2899004028735787
-0.024215716077888937
-0.3527426822878375
-0.6713142831743555
-0.9643346008143439
-1.20360459963415
-1.1811821855349665
-0.7286789946457629
-0.0015718002380511464
0.5650278503718413
0.8191145626309111
1.1021228240520409
1.3346202009357886
1.595293323079286
1.7179679823847733
1.6890696544255603
1.4880610512039776
0.4987884235250952
-0.33051208722528264
-0.4534415587894201
-0.14100899579156972
0.18810215224849341
0.510648276406603
0.81334290960676
1.0896439403062965
1.335622619172196
1.4558975847184328
1.2951473022026736
0.8973667814309477
0.04544749873145282
-0.8343455968325921
-1.4017884785514951
-1.8725000252588206
-2.207998470126994
-2.4246977400088605
-2.513978907075489
-1.6455035429505682
-0.5969504238544798
0.33876566127710656
0.3042020177178595
-0.0230141186613501
-0.3472251427115371
-0.6554884413144662
-0.9280225456228944
-1.144714069015971
-1.099532076121857
-0.6750350584964261
-0.019804673634366887
0.4712923355177603
0.724729619286663
0.955508131580558
1.185490555017769
1.3506522987351184
1.5426417877872916
1.655316685935941
1.6135241309850266
1.422044136657992
0.5173703954000752
-0.1286759900375778
-0.13836895843037128
0.18567920162858453
0.4960634400544009
0.7736319832436364
1.0531984577268378
1.2996361905220222
1.2518559414081616
1.0459777345461845
0.5809910388378947
-0.2950216295081036
-0.9791455649324761
-1.4978588809139122
-1.9236799697747453
-2.254940667409905
-2.4889540409255755
-2.5466205960677817
-1.6082994023715265
-0.4761067030344768
0.4080745372113811
0.3035330068284311
-0.015897630824913467
-0.3318297865634359
-0.6345050188713449
-0.9248260949274407
-1.188946498183894
-1.160298558158891
-0.6693371095171677
0.10883586054250949
0.6473539308932024
0.849801447419281
1.075078670639184
