0.0
-0.12234861520726371
-0.24628048372211248
-0.33737517478403084
-0.40715146268693114
-0.44110040347067225
-0.42459832965934097
-0.3840957664738957
-0.32202424429414905
-0.23497633402426032
-0.12680051076272303
-0.0033093778896243764
0.12582347758914958
0.22476543166941787
0.29267420303647584
0.36650572872830256
0.44232640994633327
0.5142795056418776
0.5755292267667547
0.5911676481203564
0.5468893226651794
0.46366448821143436
0.3471328943853012
0.20179909855489192
0.04167469483683012
-0.11241604656291782
-0.23251121148772924
-0.2923239988794115
-0.2975245852324818
-0.27836167624777364
-0.2799690186181596
-0.30206665923166454
-0.3450666220767995
-0.4035552462124451
-0.47788837795887273
-0.543789573443815
-0.6136439963586832
-0.6172467991101961
-0.587247686385092
-0.5376337848769627
-0.4698287721938194
-0.36243013177582206
-0.27382067323554493
-0.15777071590998565
-0.048977708020428445
0.057082744629507576
0.11048316251049639
0.10791412855955096
0.08328934957078338
0.07389843246905636
0.08485405999198758
0.12011264884880113
0.17202751342609113
0.2399503317266668
0.3234187316892141
0.4202601437676164
0.5005436599759281
0.5667703867447159
0.5812710048578265
0.5371791049854228
0.43403824642447675
0.32253871684143487
0.1827720217627077
0.02932566179334367
-0.13802613399847063
-0.27094123262947856
-0.3240611025912895
-0.3215344398569753
-0.2998798588167296
-0.30140843356409786
-0.3225010046025263
-0.3642110451002485
-0.4151545086237637
-0.493316599421725
-0.5623262413334738
-0.6198504496701698
-0.6275733555364837
-0.6008130154350466
-0.5539993059403772
-0.47714869671013105
-0.4027876279942826
-0.3198640848919718
-0.22085122003183258
-0.11240478283251759
-0.003512187144692147
0.10310570531006924
0.15703916208211333
0.15679487101763612
0.14909697275961342
0.15948693570183248
0.19078903483270548
0.23355618449839688
0.3099404558434934
0.39232843037433107
0.4705292261006674
0.543466694580005
0.5869096685125171
0.5726091554125657
0.5172032342276852
0.426569152120147
0.30254890654489525
0.15701858773972155
-0.005370133492359264
-0.17526854052710927
-0.3002213507455559
-0.3589755806260666
-0.3443389700428544
-0.32445482629853084
-0.32393636131713577
-0.3452541022953304
-0.3845229834082595
-0.4455013919773
-0.5143960459001397
-0.5956874187735903
-0.6482771051590892
-0.6500293030561592
-0.6079997716544823
-0.5443843965566612
-0.481951712906011
