0.0
-0.00783859049697723
-0.015493526912329848
-0.022741843640057872
-0.02669272510446608
-0.02669164291916403
-0.02187617425828917
-0.016421983452167804
-0.010885377623693354
-0.005582277345198328
-0.001283561340879697
0.0027528558650788456
0.007815578706077462
0.011540417672410727
0.015865315774490584
0.023072336326110155
0.032826064915447165
0.043107336393976264
0.051195750915500216
0.04683633968677931
0.03301787164470712
0.020151791837081417
0.009658709275602355
0.0028085847490265077
-0.002280628431371034
-0.008362021291883905
-0.013264801525554308
-0.01416007946012374
-0.01154296670606539
-0.010163601241738837
-0.011209517393573072
-0.01380254974113967
-0.018572589302980804
-0.026080016464720416
-0.03762773937941097
-0.0485229919981712
-0.05781991396234009
-0.05124600043110096
-0.04092466621534678
-0.03169438145856609
-0.02203924104665467
-0.012142165065061314
-0.006588415841381792
-0.0021065327354636986
0.0010199717554081526
0.004081479085268285
0.004224009842794407
0.0027201384592287024
0.0017637413827777352
0.0019526167085842153
0.0028127580706401208
0.004602643733734223
0.0074515756097999234
0.012058716142554484
0.019635745228498803
0.031210612276650455
0.04195868111972541
0.05016328193077556
0.04505979228238209
0.031531361852755686
0.01728542413085605
0.00825402324367539
0.0021219263545157723
-0.002736890051626849
-0.010155333871673073
-0.016387315482799373
-0.016444177845382987
-0.012739900425220519
-0.011428956865728219
-0.012601243799920081
-0.01531838629529243
-0.020280142166917044
-0.027233998317470844
-0.03956959698760821
-0.051241674465784814
-0.058562368854818955
-0.053436182879079606
-0.043971130986388815
-0.03462193787772556
-0.02357636121185411
-0.015605370754587516
-0.00950464772786472
-0.0045303388378263735
-0.0008505466504798479
0.0022703229304170823
0.005732644749490937
0.006100107588743266
0.004781663620746669
0.0044728294107015685
0.005508769202830917
0.007591309580706234
0.010660575348872221
0.017170631929558637
0.026728650406563113
0.03687826596664745
0.047230306098850657
0.05098433157631908
0.04074002692915397
0.028044874133362718
0.016261314707004697
0.007151619380887289
0.001277297402222998
-0.0040216206150298734
-0.012603985373133548
-0.018753625745664793
-0.018948816222601483
-0.014111268996732177
-0.013062716785945285
-0.014169897365379233
-0.01710662419135769
-0.022195699302822433
-0.031036753352200158
-0.043390446246524036
-0.05858356769684925
-0.0647437462967441
-0.056677019678777515
-0.04369477413488921
-0.03240071392432963
-0.023450149736990555
