0.0
0.0009590406924819811
0.0038157533025301627
0.007672533472975625
0.01086798206938353
0.011773694460938367
0.009288587049406254
0.006307614321082024
0.0035053555031262923
0.0013117030660813836
0.00016275623361883121
-9.110240333214717e-06
0.0009833832921703723
0.0025938869597847756
0.00464336865022106
0.008456143438665489
0.01451983544671503
0.022169219650232233
0.029464650938141212
0.027688128779199433
0.01805712145961971
0.009343670248683716
0.0033528557068660016
0.0005667698705685666
-9.504449391358642e-05
0.0009400253749085312
0.003084215072850911
0.00413933105223359
0.003434316381574452
0.0028291570783643763
0.0031383175838618433
0.004169290089184936
0.006408780653999286
0.01052472746564487
0.01798185933828591
0.026386297120903162
0.0354808430729656
0.031631429733296794
0.024032915551044535
0.017039970262903114
0.010354669561033392
0.004400686484573955
0.0018040444612428914
0.00033234917776192813
-4.995587882546436e-05
0.0002329820283350457
0.0004666819659073908
0.0002935413713889851
0.00014690087258263163
0.00014429531397726174
0.00023867394206904407
0.0005528357305661536
0.0012818760232603894
0.00289349293860366
0.0063505678175736205
0.013116576402460453
0.021002151815430227
0.02843106270028988
0.026191950738665173
0.0169379887390348
0.007502535178460094
0.0026622420657944385
0.0003878287698464198
-8.026111201957588e-05
0.0014017014737707553
0.004439999456397801
0.005328918403782066
0.004096316747056921
0.003427313971317071
0.003798121154693212
0.00494019496912138
0.007386251773394474
0.011306317189350015
0.019520339026415017
0.028814538201978213
0.036299910668409874
0.033535124596485194
0.02641842780002168
0.019180529554570815
0.011249430025403476
0.006285650270211654
0.0030401954476940076
0.001000530859491549
9.560551153611254e-05
-7.97379901051068e-06
0.0005910683801883282
0.0009579557843469833
0.0007497403306646968
0.0006668853248057695
0.0008785767196481294
0.0014483386280192126
0.002489843303040262
0.005321873487368247
0.010486409460031132
0.017352301945221204
0.025668098339544216
0.02992319714478969
0.023328112411388036
0.014504899605283549
0.00693657522692587
0.00216371462371273
0.0002005594342206702
2.1596639558334384e-05
0.00220908212117415
0.005630238852740117
0.006802162305684998
0.0048590598323324215
0.00423826150577078
0.004590144992778217
0.005906132178490782
0.008534756514753907
0.013826916820861302
0.022319873979054522
0.03489749422388402
0.04197188842640777
0.03684172360109597
0.02656641269650682
0.017638443097701195
0.011301839833645041
