0.0
0.0
0.0
0.007671776931843207
0.05063372775016516
0.12274843090949131
0.21787846486434706
0.3237489865237833
0.43115386356958824
0.543161806774499
0.6582384607521471
0.7687120485706893
0.8638420825255451
0.9083383887302356
0.9052696779574984
0.8914604794801806
0.8699795040710196
0.8331549747981722
0.7717807593434266
0.6628415269112531
0.49099372363796523
0.28232139109183
0.046030661591059244
-0.21020668793250386
-0.46490968206969835
-0.7134752546614183
-0.9083383887302356
-1.0234150427078839
-1.0633082827534686
-1.0617739273670999
-1.0617739273670999
-1.0602395719807312
-1.0587052165943625
-1.0556365058216253
-1.0510334396625194
-1.0372242411852015
-0.988124868821405
-0.8822543471619688
-0.7257500977523673
-0.5492992283199736
-0.35443609425115613
-0.14269505093228366
0.07978648009116934
0.2991993003418851
0.5094059882743889
0.6965973454113632
0.8147427101617486
0.8561703055937019
0.8592390163664392
0.8592390163664392
0.8577046609800705
0.8592390163664392
0.8592390163664392
0.8577046609800705
0.8577046609800705
0.8515672394345959
0.8254831978663291
0.7687120485706893
0.6597728161385158
0.4894593682515966
0.2777183249327241
0.03989324004558467
-0.2194128202507157
-0.4787188805470161
-0.7364905854569479
-0.9390254964576085
-1.0525677950488879
-1.0847892581626295
-1.0832549027762608
-1.0832549027762608
-1.081720547389892
-1.081720547389892
-1.0801861920035236
-1.074048770458049
-1.0556365058216253
-1.0019340672987227
-0.8945291902529179
-0.7441623623887911
-0.5738489145018718
-0.38512320197852895
-0.18258829097786833
0.02454968618189826
0.23475637411440212
0.4388256405014314
0.6306200637975116
0.7963304455253248
0.9022009671847611
0.932888074912134
0.9344224302985026
0.932888074912134
0.932888074912134
0.932888074912134
0.932888074912134
0.9298193641393967
0.9114070995029729
0.8715138594573882
0.7963304455253248
0.6643758822976217
0.48025323593338476
0.26237477106903767
0.018412264636423696
-0.24242815104624532
-0.5078716328880203
-0.7671776931843207
-0.966643893412244
-1.0801861920035236
-1.1078045889581591
-1.1078045889581591
-1.1062702335717904
-1.1062702335717904
-1.1062702335717904
-1.1062702335717904
-1.103201522799053
-1.0893923243217354
-1.0372242411852015
-0.9252162979802907
-0.7671776931843207
-0.5845894022064524
-0.3897262681376349
