0.0
0.062236
0.126908
0.180979
0.247588
0.318629
0.381165
0.446692
0.510636
0.570858
0.637034
0.69854
0.76391
0.829864
0.894036
0.958728
1.020897
1.083652
1.149513
1.213639
1.278341
1.342706
1.406548
1.4697230000000001
1.52893
1.596757
1.662303
1.726169
1.78589
1.846699
1.913075
1.98007
2.046409
2.110243
2.174545
2.229709
2.302244
2.363058
2.429465
2.49409
2.558671
2.612825
2.685821
2.74708
2.814672
2.878568
2.942545
3.002146
3.06322
3.129818
3.196218
3.26226
3.326089
3.389832
3.4523260000000002
3.5186859999999998
3.580284
3.646533
3.710164
3.77419
3.829725
3.896476
3.963905
4.029899
4.094721
4.154725
4.222626
4.280294
4.346435
4.412854
4.478019
4.541651
4.598199
4.66888
4.72979
4.797849
4.8620090000000005
4.926969
4.989943
5.046728
5.1130700000000004
5.180622
5.246232
5.309552
5.373909
5.430296
5.497088
5.563692
5.630414
5.694634
5.757735
5.813016
5.885542
5.950105
6.012856
6.078553
6.142607
6.203404
6.268726
6.3338
6.397286
6.462292
6.526231
6.589631
6.653129
6.713021
6.780748
6.846257
6.910159
6.9744019999999995
7.036291
7.102226
7.162753
7.229533
7.293858
7.357566
7.418797
7.479623
7.54683
