-0.0
0.03824965768875152
0.07332953022603697
0.08972511462562216
0.05765543804271795
0.034583029266852965
0.026972195268530293
0.024938160012218255
0.02126249486205995
0.015153648033290688
0.004783125260754575
-0.012840693340678382
-0.03577073997701966
-0.029673424127642817
-0.035800613230532755
-0.05737267196691345
-0.09081578986862941
-0.11229693460475056
-0.10348044161195602
-0.06331355022857876
-0.064563043851245
-0.0617761676743218
-0.043564371870560885
-0.015946454909262477
0.015239855492293276
0.055519999943129394
0.04764836901192147
0.02126986463024324
0.013129550023559419
0.011805301999712461
0.012094722358785039
0.016779368646133032
0.029154021933954506
0.054580207837967826
0.10073101362549308
0.13057044422952155
0.1102933379420278
0.07077052579137073
0.06810340481102688
0.06212094814715234
0.05367467166483968
0.035364865405702314
0.02384966047284129
0.008376217885850357
-0.003932353322720296
-0.013132502339215356
-0.005326461292515976
-0.003048958857822223
-0.0021386181989408674
-0.0020021048324650272
-0.002932532710154117
-0.005869239328220087
-0.012601509692661963
-0.027070612813124135
-0.05671760379845749
-0.10287817939207344
-0.1228529409419444
-0.10667200892724624
-0.06037748368824811
-0.06258010360220664
-0.05450785883892043
-0.038053420750063544
-0.012537747434142309
0.018829855897787164
0.07453142879983547
0.061961932092381634
0.02403095264573226
0.015519065995883083
0.01351436202158388
0.013752703792108786
0.018758469970854317
0.031683965889853255
0.05538249009327414
0.1010501289234185
0.12939453290508363
0.10774813588368451
0.07450289256248377
0.06961037845548915
0.06343252296539052
0.050469130605751755
0.04006875146476961
0.027816061238999414
0.015532352540989173
0.003191853360769978
-0.008181046147639417
-0.017386196096770116
-0.007883372929758702
-0.004978391504377876
-0.004657896645513793
-0.005838815257925706
-0.009735698098364293
-0.017622516709740785
-0.037866224219118144
-0.07598890694059049
-0.10283655852492564
-0.11285329631467719
-0.08575633635549487
-0.05764383843715566
-0.062434206166574815
-0.05570382412530433
-0.034271135542311704
-0.0078035363965897366
0.028935242843019765
0.0947314976189743
0.06895257775435543
0.02568589843116565
0.018134309296191777
0.01564133914852831
0.01566039345653358
0.02102936817505028
0.03441342283559472
0.06374250178790733
0.1162081658984909
0.15824219806448508
0.12095914664868132
0.08129657275248071
0.07815818978737914
0.06540138769681275
0.056000636641027335
