0.0
0.0
0.0
0.14388494353441253
0.6954438937496605
1.1750603721977022
1.4868110831889294
1.60671520280094
1.630696026723342
1.7026384984905483
1.7506001463353524
1.7026384984905483
1.3669069635769189
0.4076740066808355
-0.023980823922402087
-0.1918465913792167
-0.31175071099122714
-0.5755397741376501
-1.0311754286632897
-1.894485089869765
-2.781775574998642
-3.309353701291488
-3.7170277079723233
-3.9088742993515404
-3.9808167711187465
-3.7649893558171277
-2.7338139271538378
-1.5107919071113314
-0.3597123588360313
0.0
0.0
0.0
0.0
0.0
0.023980823922402087
0.263789063146423
0.9112713090512793
1.7985617941801566
2.470024864007415
2.781775574998642
3.069545462067467
3.261392053446684
3.4292578209034983
3.4052769969810965
3.1894495816794777
2.75779475107624
1.5107919071113314
0.4076740066808355
0.0
0.0
0.0
0.0
0.0
0.0
0.0
-0.09592329568960835
-0.43165483060323756
-0.9592329568960835
-1.894485089869765
-2.8057563989210443
-3.357315349136292
-3.7649893558171277
-3.9808167711187465
-4.028778418963551
-3.9088742993515404
-2.8057563989210443
-1.4868110831889294
-0.263789063146423
0.0
0.0
0.0
0.0
0.0
0.047961647844804174
0.3357315349136292
0.9592329568960835
1.7745809702577544
2.3741015683178066
2.685852279309034
2.9256605185330544
3.1175071099122715
3.1894495816794777
3.2374112295242816
3.1654687577570755
2.9016796946106527
2.470024864007415
1.2949644918097127
0.3357315349136292
0.0
0.0
0.0
0.0
0.0
-0.023980823922402087
-0.28776988706882506
-0.6714630698272585
-1.2709836678873105
-2.230216624783394
-2.9496413424554566
-3.4532386448259005
-3.8129510036619316
-4.028778418963551
-4.100720890730757
-3.9568359471963443
-2.781775574998642
-1.390887787499321
-0.21582741530161878
0.0
0.0
0.0
0.0
0.0
0.0
0.263789063146423
0.9592329568960835
1.894485089869765
2.541967335774621
2.8057563989210443
3.045564638145065
